title,company,location,url,application_url,category,date_posted,source
CNN Digital Growth Analytics Intern - Summer 2025,,NYC,,,Growth Equity,2025-02-01,SimplifyJobs
2025 REU Supplemental Funding 🇺🇸,Last Mile Education Fund,Remote,,,Fund Management,2025-02-01,SimplifyJobs
SDE Intern - High-Performance Query Processing - Query Optimization,,"Palo Alto, CA</br>Seattle, WA</br>NYC",,,M&A,2025-02-01,SimplifyJobs
Operating Tools Intern,Addepar,"Edinburgh, UK",https://simplify.jobs/c/Addepar,https://simplify.jobs/c/Addepar,Private Equity,2025-02-01,SimplifyJobs
Salesforce Administrator Intern,BambooHR,Utah,https://simplify.jobs/c/BambooHR,https://simplify.jobs/c/BambooHR,Sales,2025-02-01,SimplifyJobs
Capital Markets Intern,,"Toronto, ON, Canada",,,Capital Markets,2025-02-01,SimplifyJobs
IT Business Systems Intern - Sap/Erp,Medline,"Northbrook, IL",https://simplify.jobs/c/f22ab711-4900-472d-be8a-7263e99e49fa,https://simplify.jobs/c/f22ab711-4900-472d-be8a-7263e99e49fa,Business,2025-02-01,SimplifyJobs
Capital Markets Intern,Jones Lang LaSalle JLL,"Edmonton, AB, Canada",https://simplify.jobs/c/Jones-Lang-LaSalle,https://simplify.jobs/c/Jones-Lang-LaSalle,Capital Markets,2025-02-01,SimplifyJobs
People Analytics Intern,GOBankingRates,Remote in USA,https://simplify.jobs/c/8855cc48-d789-4640-94fc-02e12bf158ac,https://simplify.jobs/c/8855cc48-d789-4640-94fc-02e12bf158ac,Private Equity,2025-02-01,SimplifyJobs
Corporate Intern - Digital and Analytics,Caterpillar Inc,"Peoria, IL</br>Chicago, IL</br>Irving, TX",https://simplify.jobs/c/Caterpillar-Inc,https://simplify.jobs/c/Caterpillar-Inc,Corporate,2025-02-01,SimplifyJobs
System Behavior Analysis Intern,,"San Mateo, CA",,,Analysis,2025-02-01,SimplifyJobs
Network Automation Internship,,"Freehold Township, NJ",,,M&A,2025-02-01,SimplifyJobs
Business Systems Analyst Intern,,"Sunnyvale, CA",,,Analysis,2025-02-01,SimplifyJobs
Global Services Business Intelligence & Analytics Internship,Motorola,"Chicago, IL</br>Hoffman Estates, IL",https://simplify.jobs/c/MotorolaSolutions,https://simplify.jobs/c/MotorolaSolutions,Services,2025-02-01,SimplifyJobs
Digital Solutions Intern,Mondelez International,"Chicago, IL",https://simplify.jobs/c/Mondelez-International,https://simplify.jobs/c/Mondelez-International,Solutions,2025-02-01,SimplifyJobs
Transportation Solutions Intern,,"Atlanta, GA",,,Solutions,2025-02-01,SimplifyJobs
Analyst Intern - Delivery/Analytics,,"Richmond, VA",,,Analysis,2025-02-01,SimplifyJobs
Digital Marketing & Analytics Intern,Echostar,"Germantown, MD",https://simplify.jobs/c/Echostar,https://simplify.jobs/c/Echostar,M&A,2025-02-01,SimplifyJobs
Compliance Automation Intern,McKesson,"Irving, TX",https://simplify.jobs/c/McKesson,https://simplify.jobs/c/McKesson,M&A,2025-02-01,SimplifyJobs
Intern – Innovation - Capital Risk Management Analytics,SageSure,"Seattle, WA",https://simplify.jobs/c/SageSure-Insurance-Managers,https://simplify.jobs/c/SageSure-Insurance-Managers,M&A,2025-02-01,SimplifyJobs
Image Guidance Intern,Noah Medical,"San Carlos, CA",https://simplify.jobs/c/NoahMedical,https://simplify.jobs/c/NoahMedical,M&A,2025-02-01,SimplifyJobs
Revenue Analytics Intern,,"Chicago, IL",,,Revenue,2025-02-01,SimplifyJobs
Business Intelligence & Expense Analytics Intern,Voya Financial,"Hartford, CT",https://simplify.jobs/c/VoyaFinancial,https://simplify.jobs/c/VoyaFinancial,Private Equity,2025-02-01,SimplifyJobs
2025 Summer Intern - Computational Science & Informatics,Roche,"Santa Clara, CA",,,M&A,2025-02-01,SimplifyJobs
Spatial Planning Intern,Zipline,"San Bruno, CA",https://simplify.jobs/c/Zipline,https://simplify.jobs/c/Zipline,Planning,2025-02-01,SimplifyJobs
Implementation Analyst Intern,Harris Computer,"South Carolina</br>Atlanta, GA",https://simplify.jobs/c/372c6250-89ed-4b8e-9000-a81fc94184d8,https://simplify.jobs/c/372c6250-89ed-4b8e-9000-a81fc94184d8,Analysis,2025-02-01,SimplifyJobs
Explore Program Internship Opportunities: First-Year Students,Microsoft,"Redmond, WA",https://simplify.jobs/c/Microsoft,https://simplify.jobs/c/Microsoft,Program,2025-02-01,SimplifyJobs
Digital Manufacturing Intern,Allegion,"Indianapolis, IN",https://simplify.jobs/c/allegion,https://simplify.jobs/c/allegion,M&A,2025-02-01,SimplifyJobs
"Intern, IT Strategy , Summer 2025",Lucid Motors,"Newark, CA",https://simplify.jobs/c/Lucid-Motors,https://simplify.jobs/c/Lucid-Motors,Strategy,2025-02-01,SimplifyJobs
2025 Summer Analyst Program,Goldman Sachs,"Dallas, TX</br>NYC, NY</br>Salt lake City, UT",,,Analysis,2025-02-01,SimplifyJobs
Spring-Summer 2025 Intern - Digital Employee Experience,Western Digital,"San Jose, CA</br>Remote in USA",https://simplify.jobs/c/Western-Digital,https://simplify.jobs/c/Western-Digital,Private Equity,2025-02-01,SimplifyJobs
Business Systems Analyst Intern/Co-op,,"Toronto, ON, Canada",,,Analysis,2025-02-01,SimplifyJobs
Business Systems Analyst Intern/Co-op,,"Toronto, ON, Canada",,,Analysis,2025-02-01,SimplifyJobs
Business Systems Analyst Intern/Co-op,,"Toronto, ON, Canada",,,Analysis,2025-02-01,SimplifyJobs
Business Systems Analyst Intern/Co-op,,"Toronto, ON, Canada",,,Analysis,2025-02-01,SimplifyJobs
Business Systems Analyst Intern/Co-op,,"Toronto, ON, Canada",,,Analysis,2025-02-01,SimplifyJobs
Business Systems Analyst Intern/Co-op - Tds,,"Toronto, ON, Canada",,,Analysis,2025-02-01,SimplifyJobs
Distribution & Geospatial Intelligence Analyst Intern/Co-op,,"Toronto, ON, Canada",,,Investment Banking,2025-02-01,SimplifyJobs
Customer Experience – Systems and Analytics Intern,Open Farm Pet,"Toronto, ON, Canada",https://simplify.jobs/c/OpenFarmPet,https://simplify.jobs/c/OpenFarmPet,Private Equity,2025-02-01,SimplifyJobs
Academic Program Growth & Analytics Intern,Snowflake,"San Mateo, CA",https://simplify.jobs/c/Snowflake,https://simplify.jobs/c/Snowflake,Growth Equity,2025-02-01,SimplifyJobs
Intern – Operations,Farallon Capital Management,SF,https://simplify.jobs/c/Farallon,https://simplify.jobs/c/Farallon,Private Equity,2025-02-01,SimplifyJobs
Intern – Investment Analyst Program - Iap,Prologis,SF,https://simplify.jobs/c/Prologis,https://simplify.jobs/c/Prologis,Investments,2025-02-01,SimplifyJobs
Platform Services Intern,,"Cincinnati, OH",,,Services,2025-02-01,SimplifyJobs
Client Reporting Intern,AssetMark,"Atlanta, GA",https://simplify.jobs/c/ec74b780-e6b1-4ed3-b5fc-119cb7606da8,https://simplify.jobs/c/ec74b780-e6b1-4ed3-b5fc-119cb7606da8,Client Management,2025-02-01,SimplifyJobs
Subscriber Planning & Analytics Intern,,"Centennial, CO",,,Investment Banking,2025-02-01,SimplifyJobs
Droid Autonomy Intern - Motion Planning,Zipline,"San Bruno, CA",https://simplify.jobs/c/Zipline,https://simplify.jobs/c/Zipline,Planning,2025-02-01,SimplifyJobs
Hulu Analytics Experimentation Intern,The Walt Disney Company,"Santa Monica, CA",https://simplify.jobs/c/Disney,https://simplify.jobs/c/Disney,Private Equity,2025-02-01,SimplifyJobs
Sales Analytics Intern,Marvell,"Santa Clara, CA",https://simplify.jobs/c/80961b05-9ed3-462d-aef9-4b418c7fb796,https://simplify.jobs/c/80961b05-9ed3-462d-aef9-4b418c7fb796,Sales,2025-02-01,SimplifyJobs
Investment Analyst Intern,Manulife Financial,"Boston, MA",https://simplify.jobs/c/19e27e44-04ae-4e11-b224-1ae809765346,https://simplify.jobs/c/19e27e44-04ae-4e11-b224-1ae809765346,Investments,2025-02-01,SimplifyJobs
High-Performance Computing Intern,Simons Foundation,NYC,https://simplify.jobs/c/645bbffd-6910-4c90-b4d5-ec941d975b60,https://simplify.jobs/c/645bbffd-6910-4c90-b4d5-ec941d975b60,M&A,2025-02-01,SimplifyJobs
Pipeline Analytics Intern - Hiv,,,,,Private Equity,2025-02-01,SimplifyJobs
Business Insights & Analytics Internship,,"North Wales, PA",,,Business,2025-02-01,SimplifyJobs
Business Insights & Analytics Intern,,"North Wales, PA",,,Business,2025-02-01,SimplifyJobs
Financial Investment Analyst Co-op/Intern,Manulife Financial,"Toronto, ON, Canada",https://simplify.jobs/c/19e27e44-04ae-4e11-b224-1ae809765346,https://simplify.jobs/c/19e27e44-04ae-4e11-b224-1ae809765346,Investments,2025-02-01,SimplifyJobs
Internship - Siri & Information Intelligence,,"Cambridge, UK",,,M&A,2025-02-01,SimplifyJobs
Solutions Architect Intern,Amazon,"Seattle, WA",https://simplify.jobs/c/Amazon,https://simplify.jobs/c/Amazon,Solutions,2025-02-01,SimplifyJobs
Agentic Internship Program,Nethermind,Remote in USA,https://simplify.jobs/c/Nethermind,https://simplify.jobs/c/Nethermind,Program,2025-02-01,SimplifyJobs
People Analytics Intern,Coinbase,NYC,https://simplify.jobs/c/Coinbase,https://simplify.jobs/c/Coinbase,Private Equity,2025-02-01,SimplifyJobs
Internship Program 2024,Nethermind,Remote in USA,https://simplify.jobs/c/Nethermind,https://simplify.jobs/c/Nethermind,Program,2025-02-01,SimplifyJobs
Business Intelligence Intern - Summer 2025,The Trade Desk,"Irvine, CA",https://simplify.jobs/c/281371f9-4ed3-4440-876f-4bbeaa0d50e0,https://simplify.jobs/c/281371f9-4ed3-4440-876f-4bbeaa0d50e0,Business,2025-02-01,SimplifyJobs
Junior Systems Integration Specialist Intern – Summer 2025 Internship,Motorola,"Allen, TX",https://simplify.jobs/c/MotorolaSolutions,https://simplify.jobs/c/MotorolaSolutions,Private Equity,2025-02-01,SimplifyJobs
Business Analytics Intern - Summer 2025,Medline,"Northbrook, IL",https://simplify.jobs/c/f22ab711-4900-472d-be8a-7263e99e49fa,https://simplify.jobs/c/f22ab711-4900-472d-be8a-7263e99e49fa,Business,2025-02-01,SimplifyJobs
2025 Summer Internship Program – BTS Innovation Analyst Intern,,"Atlanta, GA",,,Analysis,2025-02-01,SimplifyJobs
2025 Summer Internship Program - Supervision & Regulation - Cyber & Emerging Technologies,,"Atlanta, GA",,,Private Equity,2025-02-01,SimplifyJobs
2025 Summer Internship Program – ASO Audit Practices Intern,,"Atlanta, GA",,,Program,2025-02-01,SimplifyJobs
2025 Summer Internship Program - Supervision & Regulation - Info Tech,,"Miami, FL</br>Atlanta, GA",,,Private Equity,2025-02-01,SimplifyJobs
IT Business Intelligence Intern - Summer 2025,Medline,"Northbrook, IL",https://simplify.jobs/c/f22ab711-4900-472d-be8a-7263e99e49fa,https://simplify.jobs/c/f22ab711-4900-472d-be8a-7263e99e49fa,Business,2025-02-01,SimplifyJobs
Intern – Automation Analyst,,"Deerfield Beach, FL",,,M&A,2025-02-01,SimplifyJobs
CPE SW E2E Triage Intern - Summer 2025,Motorola,"Plantation, FL",https://simplify.jobs/c/MotorolaSolutions,https://simplify.jobs/c/MotorolaSolutions,Private Equity,2025-02-01,SimplifyJobs
Advertising Business Analytics Intern,,NYC,,,Business,2025-02-01,SimplifyJobs
2025 Intern - Enterprise Architecture Analyst,Adobe,NYC,https://simplify.jobs/c/Adobe,https://simplify.jobs/c/Adobe,Analysis,2025-02-01,SimplifyJobs
Investment Analyst Intern,Northwestern Mutual,"Milwaukee, WI",https://simplify.jobs/c/Northwestern-Mutual,https://simplify.jobs/c/Northwestern-Mutual,Investments,2025-02-01,SimplifyJobs
Intern Rotation-2024 Digital Services Centre of Excellence,Medtronic,"London, UK",https://simplify.jobs/c/Medtronic,https://simplify.jobs/c/Medtronic,Services,2025-02-01,SimplifyJobs
Marketing Analytics Internship,PrizePicks,"Atlanta, GA",https://simplify.jobs/c/PrizePicks,https://simplify.jobs/c/PrizePicks,M&A,2025-02-01,SimplifyJobs
Yield Optimization Intern - Summer 2025,The Walt Disney Company,"Celebration, FL",https://simplify.jobs/c/Disney,https://simplify.jobs/c/Disney,Optimization,2025-02-01,SimplifyJobs
Summer 2025 Management Information Systems Intern - Undergraduate,,Multiple Locations,,,M&A,2025-02-01,SimplifyJobs
Intern – Tooling Analyst - Summer 2025,,"Newark, CA",,,Analysis,2025-02-01,SimplifyJobs
Summer 2025 Intern - Project/Portfolio Management,Stryker,"Mahwah, NJ",https://simplify.jobs/c/Stryker,https://simplify.jobs/c/Stryker,M&A,2025-02-01,SimplifyJobs
2025 Spring and Summer Intern - Sales Business Intelligence Analyst 🛂,Workiva,Remote in USA,https://simplify.jobs/c/Workiva,https://simplify.jobs/c/Workiva,Analysis,2025-02-01,SimplifyJobs
Implementation Analyst – Intern - Remote,Altera Digital Health,Remote in USA,https://simplify.jobs/c/Altera-Digital-Health,https://simplify.jobs/c/Altera-Digital-Health,Analysis,2025-02-01,SimplifyJobs
Digital Accelerator Program Internship - Summer 2025,Bristol-Myers Squibb,"Princeton, NJ",https://simplify.jobs/c/Bristol-Myers-Squibb,https://simplify.jobs/c/Bristol-Myers-Squibb,Program,2025-02-01,SimplifyJobs
Intelligence Specialist Internship - Russia Focus,Strider Technologies,"South Jordan, UT</br>Vienna, VA",https://simplify.jobs/c/StriderTech,https://simplify.jobs/c/StriderTech,Private Equity,2025-02-01,SimplifyJobs
Intelligence Specialist Internship - China Focus,Strider Technologies,"South Jordan, UT</br>Vienna, VA",https://simplify.jobs/c/StriderTech,https://simplify.jobs/c/StriderTech,Private Equity,2025-02-01,SimplifyJobs
Program Manager Intern,Amazon,"Seattle, WA",https://simplify.jobs/c/Amazon,https://simplify.jobs/c/Amazon,M&A,2025-02-01,SimplifyJobs
Analyst Intern,Puffco,LA,https://simplify.jobs/c/Puffco,https://simplify.jobs/c/Puffco,Analysis,2025-02-01,SimplifyJobs
Solutions Intern,Litmus,"Santa Clara, CA",https://simplify.jobs/c/LitmusAutomation,https://simplify.jobs/c/LitmusAutomation,Solutions,2025-02-01,SimplifyJobs
CNN Digital Growth Analytics Intern - Summer 2025,,NYC,,,Growth Equity,2025-02-01,PittCSC
2025 REU Supplemental Funding 🇺🇸,Last Mile Education Fund,Remote,,,Fund Management,2025-02-01,PittCSC
SDE Intern - High-Performance Query Processing - Query Optimization,,"Palo Alto, CA</br>Seattle, WA</br>NYC",,,M&A,2025-02-01,PittCSC
Operating Tools Intern,Addepar,"Edinburgh, UK",https://simplify.jobs/c/Addepar,https://simplify.jobs/c/Addepar,Private Equity,2025-02-01,PittCSC
Salesforce Administrator Intern,BambooHR,Utah,https://simplify.jobs/c/BambooHR,https://simplify.jobs/c/BambooHR,Sales,2025-02-01,PittCSC
Capital Markets Intern,,"Toronto, ON, Canada",,,Capital Markets,2025-02-01,PittCSC
IT Business Systems Intern - Sap/Erp,Medline,"Northbrook, IL",https://simplify.jobs/c/f22ab711-4900-472d-be8a-7263e99e49fa,https://simplify.jobs/c/f22ab711-4900-472d-be8a-7263e99e49fa,Business,2025-02-01,PittCSC
Capital Markets Intern,Jones Lang LaSalle JLL,"Edmonton, AB, Canada",https://simplify.jobs/c/Jones-Lang-LaSalle,https://simplify.jobs/c/Jones-Lang-LaSalle,Capital Markets,2025-02-01,PittCSC
People Analytics Intern,GOBankingRates,Remote in USA,https://simplify.jobs/c/8855cc48-d789-4640-94fc-02e12bf158ac,https://simplify.jobs/c/8855cc48-d789-4640-94fc-02e12bf158ac,Private Equity,2025-02-01,PittCSC
Corporate Intern - Digital and Analytics,Caterpillar Inc,"Peoria, IL</br>Chicago, IL</br>Irving, TX",https://simplify.jobs/c/Caterpillar-Inc,https://simplify.jobs/c/Caterpillar-Inc,Corporate,2025-02-01,PittCSC
System Behavior Analysis Intern,,"San Mateo, CA",,,Analysis,2025-02-01,PittCSC
Network Automation Internship,,"Freehold Township, NJ",,,M&A,2025-02-01,PittCSC
Business Systems Analyst Intern,,"Sunnyvale, CA",,,Analysis,2025-02-01,PittCSC
Global Services Business Intelligence & Analytics Internship,Motorola,"Chicago, IL</br>Hoffman Estates, IL",https://simplify.jobs/c/MotorolaSolutions,https://simplify.jobs/c/MotorolaSolutions,Services,2025-02-01,PittCSC
Digital Solutions Intern,Mondelez International,"Chicago, IL",https://simplify.jobs/c/Mondelez-International,https://simplify.jobs/c/Mondelez-International,Solutions,2025-02-01,PittCSC
Transportation Solutions Intern,,"Atlanta, GA",,,Solutions,2025-02-01,PittCSC
Analyst Intern - Delivery/Analytics,,"Richmond, VA",,,Analysis,2025-02-01,PittCSC
Digital Marketing & Analytics Intern,Echostar,"Germantown, MD",https://simplify.jobs/c/Echostar,https://simplify.jobs/c/Echostar,M&A,2025-02-01,PittCSC
Compliance Automation Intern,McKesson,"Irving, TX",https://simplify.jobs/c/McKesson,https://simplify.jobs/c/McKesson,M&A,2025-02-01,PittCSC
Intern – Innovation - Capital Risk Management Analytics,SageSure,"Seattle, WA",https://simplify.jobs/c/SageSure-Insurance-Managers,https://simplify.jobs/c/SageSure-Insurance-Managers,M&A,2025-02-01,PittCSC
Image Guidance Intern,Noah Medical,"San Carlos, CA",https://simplify.jobs/c/NoahMedical,https://simplify.jobs/c/NoahMedical,M&A,2025-02-01,PittCSC
Revenue Analytics Intern,,"Chicago, IL",,,Revenue,2025-02-01,PittCSC
Business Intelligence & Expense Analytics Intern,Voya Financial,"Hartford, CT",https://simplify.jobs/c/VoyaFinancial,https://simplify.jobs/c/VoyaFinancial,Private Equity,2025-02-01,PittCSC
2025 Summer Intern - Computational Science & Informatics,Roche,"Santa Clara, CA",,,M&A,2025-02-01,PittCSC
Spatial Planning Intern,Zipline,"San Bruno, CA",https://simplify.jobs/c/Zipline,https://simplify.jobs/c/Zipline,Planning,2025-02-01,PittCSC
Implementation Analyst Intern,Harris Computer,"South Carolina</br>Atlanta, GA",https://simplify.jobs/c/372c6250-89ed-4b8e-9000-a81fc94184d8,https://simplify.jobs/c/372c6250-89ed-4b8e-9000-a81fc94184d8,Analysis,2025-02-01,PittCSC
Explore Program Internship Opportunities: First-Year Students,Microsoft,"Redmond, WA",https://simplify.jobs/c/Microsoft,https://simplify.jobs/c/Microsoft,Program,2025-02-01,PittCSC
Digital Manufacturing Intern,Allegion,"Indianapolis, IN",https://simplify.jobs/c/allegion,https://simplify.jobs/c/allegion,M&A,2025-02-01,PittCSC
"Intern, IT Strategy , Summer 2025",Lucid Motors,"Newark, CA",https://simplify.jobs/c/Lucid-Motors,https://simplify.jobs/c/Lucid-Motors,Strategy,2025-02-01,PittCSC
2025 Summer Analyst Program,Goldman Sachs,"Dallas, TX</br>NYC, NY</br>Salt lake City, UT",,,Analysis,2025-02-01,PittCSC
Spring-Summer 2025 Intern - Digital Employee Experience,Western Digital,"San Jose, CA</br>Remote in USA",https://simplify.jobs/c/Western-Digital,https://simplify.jobs/c/Western-Digital,Private Equity,2025-02-01,PittCSC
Business Systems Analyst Intern/Co-op,,"Toronto, ON, Canada",,,Analysis,2025-02-01,PittCSC
Business Systems Analyst Intern/Co-op,,"Toronto, ON, Canada",,,Analysis,2025-02-01,PittCSC
Business Systems Analyst Intern/Co-op,,"Toronto, ON, Canada",,,Analysis,2025-02-01,PittCSC
Business Systems Analyst Intern/Co-op,,"Toronto, ON, Canada",,,Analysis,2025-02-01,PittCSC
Business Systems Analyst Intern/Co-op,,"Toronto, ON, Canada",,,Analysis,2025-02-01,PittCSC
Business Systems Analyst Intern/Co-op - Tds,,"Toronto, ON, Canada",,,Analysis,2025-02-01,PittCSC
Distribution & Geospatial Intelligence Analyst Intern/Co-op,,"Toronto, ON, Canada",,,Investment Banking,2025-02-01,PittCSC
Customer Experience – Systems and Analytics Intern,Open Farm Pet,"Toronto, ON, Canada",https://simplify.jobs/c/OpenFarmPet,https://simplify.jobs/c/OpenFarmPet,Private Equity,2025-02-01,PittCSC
Academic Program Growth & Analytics Intern,Snowflake,"San Mateo, CA",https://simplify.jobs/c/Snowflake,https://simplify.jobs/c/Snowflake,Growth Equity,2025-02-01,PittCSC
Intern – Operations,Farallon Capital Management,SF,https://simplify.jobs/c/Farallon,https://simplify.jobs/c/Farallon,Private Equity,2025-02-01,PittCSC
Intern – Investment Analyst Program - Iap,Prologis,SF,https://simplify.jobs/c/Prologis,https://simplify.jobs/c/Prologis,Investments,2025-02-01,PittCSC
Platform Services Intern,,"Cincinnati, OH",,,Services,2025-02-01,PittCSC
Client Reporting Intern,AssetMark,"Atlanta, GA",https://simplify.jobs/c/ec74b780-e6b1-4ed3-b5fc-119cb7606da8,https://simplify.jobs/c/ec74b780-e6b1-4ed3-b5fc-119cb7606da8,Client Management,2025-02-01,PittCSC
Subscriber Planning & Analytics Intern,,"Centennial, CO",,,Investment Banking,2025-02-01,PittCSC
Droid Autonomy Intern - Motion Planning,Zipline,"San Bruno, CA",https://simplify.jobs/c/Zipline,https://simplify.jobs/c/Zipline,Planning,2025-02-01,PittCSC
Hulu Analytics Experimentation Intern,The Walt Disney Company,"Santa Monica, CA",https://simplify.jobs/c/Disney,https://simplify.jobs/c/Disney,Private Equity,2025-02-01,PittCSC
Sales Analytics Intern,Marvell,"Santa Clara, CA",https://simplify.jobs/c/80961b05-9ed3-462d-aef9-4b418c7fb796,https://simplify.jobs/c/80961b05-9ed3-462d-aef9-4b418c7fb796,Sales,2025-02-01,PittCSC
Investment Analyst Intern,Manulife Financial,"Boston, MA",https://simplify.jobs/c/19e27e44-04ae-4e11-b224-1ae809765346,https://simplify.jobs/c/19e27e44-04ae-4e11-b224-1ae809765346,Investments,2025-02-01,PittCSC
High-Performance Computing Intern,Simons Foundation,NYC,https://simplify.jobs/c/645bbffd-6910-4c90-b4d5-ec941d975b60,https://simplify.jobs/c/645bbffd-6910-4c90-b4d5-ec941d975b60,M&A,2025-02-01,PittCSC
Pipeline Analytics Intern - Hiv,,,,,Private Equity,2025-02-01,PittCSC
Business Insights & Analytics Internship,,"North Wales, PA",,,Business,2025-02-01,PittCSC
Business Insights & Analytics Intern,,"North Wales, PA",,,Business,2025-02-01,PittCSC
Financial Investment Analyst Co-op/Intern,Manulife Financial,"Toronto, ON, Canada",https://simplify.jobs/c/19e27e44-04ae-4e11-b224-1ae809765346,https://simplify.jobs/c/19e27e44-04ae-4e11-b224-1ae809765346,Investments,2025-02-01,PittCSC
Internship - Siri & Information Intelligence,,"Cambridge, UK",,,M&A,2025-02-01,PittCSC
Solutions Architect Intern,Amazon,"Seattle, WA",https://simplify.jobs/c/Amazon,https://simplify.jobs/c/Amazon,Solutions,2025-02-01,PittCSC
Agentic Internship Program,Nethermind,Remote in USA,https://simplify.jobs/c/Nethermind,https://simplify.jobs/c/Nethermind,Program,2025-02-01,PittCSC
People Analytics Intern,Coinbase,NYC,https://simplify.jobs/c/Coinbase,https://simplify.jobs/c/Coinbase,Private Equity,2025-02-01,PittCSC
Internship Program 2024,Nethermind,Remote in USA,https://simplify.jobs/c/Nethermind,https://simplify.jobs/c/Nethermind,Program,2025-02-01,PittCSC
Business Intelligence Intern - Summer 2025,The Trade Desk,"Irvine, CA",https://simplify.jobs/c/281371f9-4ed3-4440-876f-4bbeaa0d50e0,https://simplify.jobs/c/281371f9-4ed3-4440-876f-4bbeaa0d50e0,Business,2025-02-01,PittCSC
Junior Systems Integration Specialist Intern – Summer 2025 Internship,Motorola,"Allen, TX",https://simplify.jobs/c/MotorolaSolutions,https://simplify.jobs/c/MotorolaSolutions,Private Equity,2025-02-01,PittCSC
Business Analytics Intern - Summer 2025,Medline,"Northbrook, IL",https://simplify.jobs/c/f22ab711-4900-472d-be8a-7263e99e49fa,https://simplify.jobs/c/f22ab711-4900-472d-be8a-7263e99e49fa,Business,2025-02-01,PittCSC
2025 Summer Internship Program – BTS Innovation Analyst Intern,,"Atlanta, GA",,,Analysis,2025-02-01,PittCSC
2025 Summer Internship Program - Supervision & Regulation - Cyber & Emerging Technologies,,"Atlanta, GA",,,Private Equity,2025-02-01,PittCSC
2025 Summer Internship Program – ASO Audit Practices Intern,,"Atlanta, GA",,,Program,2025-02-01,PittCSC
2025 Summer Internship Program - Supervision & Regulation - Info Tech,,"Miami, FL</br>Atlanta, GA",,,Private Equity,2025-02-01,PittCSC
IT Business Intelligence Intern - Summer 2025,Medline,"Northbrook, IL",https://simplify.jobs/c/f22ab711-4900-472d-be8a-7263e99e49fa,https://simplify.jobs/c/f22ab711-4900-472d-be8a-7263e99e49fa,Business,2025-02-01,PittCSC
Intern – Automation Analyst,,"Deerfield Beach, FL",,,M&A,2025-02-01,PittCSC
CPE SW E2E Triage Intern - Summer 2025,Motorola,"Plantation, FL",https://simplify.jobs/c/MotorolaSolutions,https://simplify.jobs/c/MotorolaSolutions,Private Equity,2025-02-01,PittCSC
Advertising Business Analytics Intern,,NYC,,,Business,2025-02-01,PittCSC
2025 Intern - Enterprise Architecture Analyst,Adobe,NYC,https://simplify.jobs/c/Adobe,https://simplify.jobs/c/Adobe,Analysis,2025-02-01,PittCSC
Investment Analyst Intern,Northwestern Mutual,"Milwaukee, WI",https://simplify.jobs/c/Northwestern-Mutual,https://simplify.jobs/c/Northwestern-Mutual,Investments,2025-02-01,PittCSC
Intern Rotation-2024 Digital Services Centre of Excellence,Medtronic,"London, UK",https://simplify.jobs/c/Medtronic,https://simplify.jobs/c/Medtronic,Services,2025-02-01,PittCSC
Marketing Analytics Internship,PrizePicks,"Atlanta, GA",https://simplify.jobs/c/PrizePicks,https://simplify.jobs/c/PrizePicks,M&A,2025-02-01,PittCSC
Yield Optimization Intern - Summer 2025,The Walt Disney Company,"Celebration, FL",https://simplify.jobs/c/Disney,https://simplify.jobs/c/Disney,Optimization,2025-02-01,PittCSC
Summer 2025 Management Information Systems Intern - Undergraduate,,Multiple Locations,,,M&A,2025-02-01,PittCSC
Intern – Tooling Analyst - Summer 2025,,"Newark, CA",,,Analysis,2025-02-01,PittCSC
Summer 2025 Intern - Project/Portfolio Management,Stryker,"Mahwah, NJ",https://simplify.jobs/c/Stryker,https://simplify.jobs/c/Stryker,M&A,2025-02-01,PittCSC
2025 Spring and Summer Intern - Sales Business Intelligence Analyst 🛂,Workiva,Remote in USA,https://simplify.jobs/c/Workiva,https://simplify.jobs/c/Workiva,Analysis,2025-02-01,PittCSC
Implementation Analyst – Intern - Remote,Altera Digital Health,Remote in USA,https://simplify.jobs/c/Altera-Digital-Health,https://simplify.jobs/c/Altera-Digital-Health,Analysis,2025-02-01,PittCSC
Digital Accelerator Program Internship - Summer 2025,Bristol-Myers Squibb,"Princeton, NJ",https://simplify.jobs/c/Bristol-Myers-Squibb,https://simplify.jobs/c/Bristol-Myers-Squibb,Program,2025-02-01,PittCSC
Intelligence Specialist Internship - Russia Focus,Strider Technologies,"South Jordan, UT</br>Vienna, VA",https://simplify.jobs/c/StriderTech,https://simplify.jobs/c/StriderTech,Private Equity,2025-02-01,PittCSC
Intelligence Specialist Internship - China Focus,Strider Technologies,"South Jordan, UT</br>Vienna, VA",https://simplify.jobs/c/StriderTech,https://simplify.jobs/c/StriderTech,Private Equity,2025-02-01,PittCSC
Program Manager Intern,Amazon,"Seattle, WA",https://simplify.jobs/c/Amazon,https://simplify.jobs/c/Amazon,M&A,2025-02-01,PittCSC
Analyst Intern,Puffco,LA,https://simplify.jobs/c/Puffco,https://simplify.jobs/c/Puffco,Analysis,2025-02-01,PittCSC
Solutions Intern,Litmus,"Santa Clara, CA",https://simplify.jobs/c/LitmusAutomation,https://simplify.jobs/c/LitmusAutomation,Solutions,2025-02-01,PittCSC
