internship,company,location,category
Solutions Architect Intern,Amazon,"Seattle, WA",Solutions
Spatial Planning Intern,Zipline,"San Bruno, CA",Planning
People Analytics Intern,Coinbase,NYC,Private Equity
Implementation Analyst Intern,Harris Computer,"South Carolina</br>Atlanta, GA",Analysis
Explore Program Internship Opportunities: First-Year Students,Microsoft,"Redmond, WA",Program
Digital Manufacturing Intern,Allegion,"Indianapolis, IN",M&A
"Intern, IT Strategy , Summer 2025",Lucid Motors,"Newark, CA",Strategy
2025 Intern - Enterprise Architecture Analyst,,NYC,Analysis
2025 Summer Analyst Program,Goldman Sachs,"Dallas, TX</br>NYC, NY</br>Salt lake City, UT",Analysis
Agentic Internship Program,Nethermind,Remote in USA,Program
Internship Program 2024,Nethermind,Remote in USA,Program
Business Intelligence Intern - Summer 2025,The Trade Desk,"Irvine, CA",Business
Junior Systems Integration Specialist Intern – Summer 2025 Internship,Motorola,"Allen, TX",Private Equity
Business Analytics Intern - Summer 2025,Medline,"Northbrook, IL",Business
2025 Summer Internship Program – BTS Innovation Analyst Intern,,"Atlanta, GA",Analysis
2025 Summer Internship Program - Supervision & Regulation - Cyber & Emerging Technologies,,"Atlanta, GA",Private Equity
2025 Summer Internship Program – ASO Audit Practices Intern,,"Atlanta, GA",Program
2025 Summer Internship Program - Supervision & Regulation - Info Tech,,"Miami, FL</br>Atlanta, GA",Private Equity
IT Business Intelligence Intern - Summer 2025,Medline,"Northbrook, IL",Business
Intern – Automation Analyst,,"Deerfield Beach, FL",M&A
CPE SW E2E Triage Intern - Summer 2025,Motorola,"Plantation, FL",Private Equity
Advertising Business Analytics Intern,,NYC,Business
Investment Analyst Intern,Northwestern Mutual,"Milwaukee, WI",Investments
Intern Rotation-2024 Digital Services Centre of Excellence,Medtronic,"London, UK",Services
Marketing Analytics Internship,PrizePicks,"Atlanta, GA",M&A
Yield Optimization Intern - Summer 2025,The Walt Disney Company,"Celebration, FL",Optimization
Summer 2025 Management Information Systems Intern - Undergraduate,,Multiple Locations,M&A
Intern – Tooling Analyst - Summer 2025,,"Newark, CA",Analysis
Summer 2025 Intern - Project/Portfolio Management,Stryker,"Mahwah, NJ",M&A
2025 Spring and Summer Intern - Sales Business Intelligence Analyst 🛂,Workiva,Remote in USA,Analysis
Implementation Analyst – Intern - Remote,Altera Digital Health,Remote in USA,Analysis
Digital Accelerator Program Internship - Summer 2025,Bristol-Myers Squibb,"Princeton, NJ",Program
Intelligence Specialist Internship - Russia Focus,Strider Technologies,"South Jordan, UT</br>Vienna, VA",Private Equity
Intelligence Specialist Internship - China Focus,Strider Technologies,"South Jordan, UT</br>Vienna, VA",Private Equity
Program Manager Intern,Amazon,"Seattle, WA",M&A
Analyst Intern,Puffco,LA,Analysis
Solutions Intern,Litmus,"Santa Clara, CA",Solutions
Solutions Architect Intern,Amazon,"Seattle, WA",Solutions
Spatial Planning Intern,Zipline,"San Bruno, CA",Planning
People Analytics Intern,Coinbase,NYC,Private Equity
Implementation Analyst Intern,Harris Computer,"South Carolina</br>Atlanta, GA",Analysis
Explore Program Internship Opportunities: First-Year Students,Microsoft,"Redmond, WA",Program
Digital Manufacturing Intern,Allegion,"Indianapolis, IN",M&A
"Intern, IT Strategy , Summer 2025",Lucid Motors,"Newark, CA",Strategy
2025 Intern - Enterprise Architecture Analyst,,NYC,Analysis
2025 Summer Analyst Program,Goldman Sachs,"Dallas, TX</br>NYC, NY</br>Salt lake City, UT",Analysis
Agentic Internship Program,Nethermind,Remote in USA,Program
Internship Program 2024,Nethermind,Remote in USA,Program
Business Intelligence Intern - Summer 2025,The Trade Desk,"Irvine, CA",Business
Junior Systems Integration Specialist Intern – Summer 2025 Internship,Motorola,"Allen, TX",Private Equity
Business Analytics Intern - Summer 2025,Medline,"Northbrook, IL",Business
2025 Summer Internship Program – BTS Innovation Analyst Intern,,"Atlanta, GA",Analysis
2025 Summer Internship Program - Supervision & Regulation - Cyber & Emerging Technologies,,"Atlanta, GA",Private Equity
2025 Summer Internship Program – ASO Audit Practices Intern,,"Atlanta, GA",Program
2025 Summer Internship Program - Supervision & Regulation - Info Tech,,"Miami, FL</br>Atlanta, GA",Private Equity
IT Business Intelligence Intern - Summer 2025,Medline,"Northbrook, IL",Business
Intern – Automation Analyst,,"Deerfield Beach, FL",M&A
CPE SW E2E Triage Intern - Summer 2025,Motorola,"Plantation, FL",Private Equity
Advertising Business Analytics Intern,,NYC,Business
Investment Analyst Intern,Northwestern Mutual,"Milwaukee, WI",Investments
Intern Rotation-2024 Digital Services Centre of Excellence,Medtronic,"London, UK",Services
Marketing Analytics Internship,PrizePicks,"Atlanta, GA",M&A
Yield Optimization Intern - Summer 2025,The Walt Disney Company,"Celebration, FL",Optimization
Summer 2025 Management Information Systems Intern - Undergraduate,,Multiple Locations,M&A
Intern – Tooling Analyst - Summer 2025,,"Newark, CA",Analysis
Summer 2025 Intern - Project/Portfolio Management,Stryker,"Mahwah, NJ",M&A
2025 Spring and Summer Intern - Sales Business Intelligence Analyst 🛂,Workiva,Remote in USA,Analysis
Implementation Analyst – Intern - Remote,Altera Digital Health,Remote in USA,Analysis
Digital Accelerator Program Internship - Summer 2025,Bristol-Myers Squibb,"Princeton, NJ",Program
Intelligence Specialist Internship - Russia Focus,Strider Technologies,"South Jordan, UT</br>Vienna, VA",Private Equity
Intelligence Specialist Internship - China Focus,Strider Technologies,"South Jordan, UT</br>Vienna, VA",Private Equity
Program Manager Intern,Amazon,"Seattle, WA",M&A
Analyst Intern,Puffco,LA,Analysis
Solutions Intern,Litmus,"Santa Clara, CA",Solutions
